SAVEDAWS2.1
The Queen's Footsteps
1
0
1
0
0
0
0
0
0
0
0
0
0
0
0
0
0
0
0
0
0
0
0
0
0
0
0
0
0
0
0
0
0
0
0
0
0
0
0
0
0
0
0
0
0
0
0
0
0
0
0
0
0
0
0
0
0
0
0
0
0
0
0
0
0
0
0
0
0
0
0
0
0
0
0
0
0
0
0
0
0
0
0
0
0
0
0
0
0
0
0
0
0
0
0
0
0
0
0
0
0
0
0
0
0
0
0
0
0
0
0
0
0
0
0
0
0
0
0
0
0
0
0
0
0
0
2
-2
-2
-2
0
0
0
0
0
0
0
0
0
0
0
0
0
0
0
0
0
0
0
0
0
0
0
0
0
0
0
0
0
0
0
0
0
0
0
0
0
0
0
0
0
0
0
0
0
0
0
0
0
0
0
0
0
0
0
0
0
0
0
0
0
0
0
0
0
0
0
0
0
0
0
0
0
0
0
0
0
0
0
0
0
0
0
0
0
0
0
0
0
0
0
0
0
0
0
0
0
0
0
0
0
0
0
0
0
0
0
0
0
0
0
0
0
0
0
0
0
0
0
0
1
1
0
0
1
0
0
0
0
0
0
0
19
1
0
0
4
10
0
0
0
20
21
0
13
0
30
30
0
0
0
33
39
43
0
0
34
0
30
1500
0
0
0
0
0
69
68
0
72
64
0
70
79
78
0
2
0
0
0
0
1
3
0
0
0
0
2
0
0
0
0
4
0
5
0
0
3
0
4
9
6
11
0
0
0
0
7
5
0
0
0
8
0
6
0
0
7
0
0
0
0
0
5
0
0
10
0
0
11
0
9
0
0
0
20
10
5
12
0
0
13
21
11
0
0
0
14
12
0
0
0
0
16
13
0
0
0
0
17
14
0
0
0
0
0
16
18
0
0
0
0
0
22
17
0
0
0
0
0
16
0
0
0
11
0
0
0
0
12
0
0
0
0
0
0
0
0
18
0
0
0
0
0
0
0
0
0
32
35
0
0
0
31
33
47
0
0
0
32
0
0
0
0
0
0
0
0
0
0
45
0
42
36
31
0
0
41
37
40
35
0
0
36
38
0
0
0
0
37
39
255
255
0
0
38
0
0
0
0
0
0
0
46
36
0
0
0
36
44
0
0
0
35
0
0
0
0
0
0
0
0
47
0
0
0
0
0
41
0
0
0
44
0
0
34
0
0
0
0
40
0
0
0
0
43
32
0
0
0
61
0
0
0
0
60
0
0
0
0
0
0
0
63
0
60
0
0
0
64
62
0
0
0
0
65
63
0
0
0
0
0
64
0
0
63
0
67
0
0
69
0
71
0
66
0
0
0
0
72
0
0
0
0
0
0
0
66
0
0
74
0
0
71
0
67
75
0
0
0
0
68
0
0
75
0
0
0
0
0
0
0
76
70
77
0
0
0
0
71
0
72
0
0
0
0
0
77
0
73
0
74
0
0
76
0
0
79
0
0
0
0
0
0
78
0
0
0
0
0
0
0
81
0
0
0
0
80
0
0
0
0
0
0
0
0
0
0
0
0
0
0
0
0
0
0
0
0
0
